returns for Humanoid-v2
returns [351.2871362458768, 329.18702203499134, 329.50596535954, 305.265957749195, 311.3555444872482, 325.98156919863504, 368.84477547070685, 328.59975421081185, 314.6807032569825, 342.9182595323133, 331.6665982361687, 317.37388176553446, 321.35219649560594, 318.2389765178033, 341.3194763074009, 353.10647900059473, 319.37745641805554, 324.55925918075656, 346.75750331293006, 336.74533423526674]
mean return 330.90619245082087
std of return 15.54299751155095
returns for Hopper-v2
returns [62.06568130211148, 62.46880450910726, 62.14528088021789, 61.879346286897096, 62.45596897205154, 62.28619308625342, 64.29302851058364, 60.40635011513627, 64.4434257289997, 62.27562100023204, 60.50967105865543, 62.25281124950639, 62.32619847294488, 62.2424139962854, 61.97920482906295, 60.13556444429064, 62.32709228816601, 64.06109970293643, 60.24311912485995, 61.89147458460154]
mean return 62.13441750714501
std of return 1.1707358824044278
returns for Ant-v2
returns [989.2877899776906, 942.6783031030939, 1031.9493661141264, 1045.2317278988237, 999.8148314927387, 996.093926460304, 985.2378952955368, 951.1899806869125, 990.6551108210018, 994.9070401384861, 966.7655402534143, 980.5229281706547, 951.3687472045233, 977.4562166357154, 958.1199668786979, 966.2648347646093, 971.1028407996348, 1028.5345365178673, 966.4870424579561, 1022.5217625132873]
mean return 985.8095194092537
std of return 28.015547654215794
returns for HalfCheetah-v2
returns [-33.455284697050644, -34.643569669282115, -34.37441577330766, -34.91387989208855, -34.739289624473386, -35.0020904511621, -35.717347148861585, -34.51864319147502, -33.96224110216015, -33.597449646987, -34.009601429349864, -34.84235898316241, -34.21219122038739, -35.11497255291736, -35.297327998520345, -35.26617803626825, -34.9539998757993, -34.80273380820524, -34.48626293998637, -35.66401004082968]
mean return -34.67869240411372
std of return 0.6020907968311436
returns for Reacher-v2
returns [-8.987750797361661, -13.818252949515953, -17.475448397352523, -14.764108451763034, -14.92563157000807, -9.4574983762122, -13.817802049160214, -8.56663103884655, -9.781889010500972, -10.301453198258356, -8.247889638960483, -11.422111806257716, -8.05785517623583, -9.469747113027664, -7.861277162708677, -8.105591976165726, -13.953656042947086, -13.730358241998749, -11.419218612182075, -10.367364732838274]
mean return -11.22657681711509
std of return 2.7786878175173033
returns for Walker2d-v2
returns [-6.035135909165327, -5.940859836117539, -6.132359396895856, -5.591925298890549, -6.480110794210848, -6.643978235161658, -6.077130153902894, -6.366918587280754, -6.149637730422747, -6.238654714069674, -5.74212432025796, -5.631447075517278, -6.254093019950892, -6.098118248973455, -6.451694052913387, -6.291669617290565, -6.148937592374698, -5.841458772590877, -6.434212060067992, -6.4530131888497255]
mean return -6.150173930245233
std of return 0.28368742500727
