returns for Humanoid-v2
returns [324.56868750165665, 355.58339266712863, 318.79270869616875, 382.9477681069774, 389.57265882340056, 335.77640584563943, 314.8390396169885, 342.1764533998911, 342.66604671268783, 380.83398470971986, 309.9397533202088, 361.61285595986135, 338.052775947084, 324.6133551373953, 323.5984852619974, 331.7753890693293, 395.1400812310315, 306.5296924459706, 322.58307477003876, 329.24446584941785]
mean return 341.54235375362964
std of return 26.49803757877773
returns for Hopper-v2
returns [54.01976632552635, 59.43573964163916, 56.00900018602732, 55.862156819519086, 57.49418373019229, 61.492057277819995, 61.46481923620097, 59.553311904211476, 55.647526077567676, 55.75680731449602, 55.814632206245726, 59.38855850445459, 54.17551683428597, 55.93011428151356, 55.714284621343886, 57.67261249147339, 55.92225875627424, 54.01671085901969, 57.25149067933245, 55.74388693289165]
mean return 56.91827173400177
std of return 2.2051084885893193
returns for Ant-v2
returns [204.71220936218242, 212.96350881718502, 207.21208303597336, 206.77480371846994, 204.8186091356831, 204.70815376669432, 206.34567624310336, 205.55230249589306, 205.5788469828707, 204.73102552098547, 205.19833834183768, 203.25673884456285, 206.98179272259603, 204.5279925003117, 204.70926170499666, 215.02196869323265, 206.20946015323267, 203.73053116156, 203.2464379802083, 207.38939598154914]
mean return 206.18345685815643
std of return 2.879105918304667
returns for HalfCheetah-v2
returns [-101.95734067867589, -102.09974685410025, -101.77244555316757, -102.74359370197637, -50.592460251211286, -102.46115661669782, -103.21168407926885, -101.90462304423819, -102.21446901818499, -100.0485168194465, -101.22431197023282, -103.83894898057343, -99.56754500248083, -103.1691956360458, -103.96562307283462, -102.67757604429853, -101.88162411773324, -100.98029636583064, -104.24964206976752, -102.49102829241706]
mean return -99.65259140845912
std of return 11.315111970289568
returns for Reacher-v2
returns [-12.389319020260114, -11.363018777743344, -7.2288851004903725, -19.598639613096385, -10.670170716632809, -11.824637073807915, -9.113566672239843, -16.997262981228364, -15.726153184834681, -19.87175555585661, -11.484416974019897, -13.546896775825415, -9.961088307495876, -15.246302202904316, -10.250502022910565, -17.137884931027536, -13.330063677478964, -8.913336762951483, -8.11794112156016, -12.771503708615453]
mean return -12.777167259049005
std of return 3.56165411101311
returns for Walker2d-v2
returns [13.176011728146108, 15.270321479773632, 13.355753428154976, 15.074785291468244, 13.065004576894715, 12.87272605108513, 13.242422717139616, 14.881301408929254, 13.131359897896598, 13.937415431295312, 13.121344567444527, 13.115533661920544, 12.44757227632911, 14.38646008397141, 13.34958781624281, 13.791606975240798, 14.380787433227828, 12.887475641392717, 11.820697510602377, 14.421889957822463]
mean return 13.586502896748907
std of return 0.8828235169542299
