returns for Humanoid-v2
returns [403.7662848780549, 376.65028104863995, 422.6171160562449, 425.53710351120515, 353.02517734806077, 412.1919529767294, 419.5028990941957, 372.4171450961483, 390.78830212246766, 410.7838516938726, 366.4366236170547, 380.90458036198123, 373.85913781465104, 418.9989931703934, 349.4930545551395, 407.8534417459507, 418.8889654133735, 431.965492481042, 369.34808477059136, 415.42474537512885]
mean return 396.0226616565463
std of return 25.306527940384655
returns for Hopper-v2
returns [42.626519670077634, 42.35686680805384, 44.12702521777494, 42.54274853121116, 44.45938590484491, 42.84554755200993, 42.71372055652576, 42.861471779725946, 44.52416632598914, 42.670743969021686, 44.470063640769936, 44.334230906202066, 42.958616654609926, 44.493041874830915, 44.46661087909143, 44.374336033162095, 42.499143170991076, 44.254923938663154, 43.15812021276038, 42.698537437816285]
mean return 43.471791053206616
std of return 0.849129086585057
returns for Ant-v2
returns [573.9102950868927, 573.8069699734468, 574.1846097398475, 572.1807890447761, 576.8308956051569, 573.9613763893436, 575.367672195449, 576.1472138384032, 573.7686903736047, 571.6004201683106, 575.3041884290488, 575.7987571139483, 573.0288146922408, 574.6843288857474, 574.027173664885, 576.7049469248391, 576.3952414250823, 575.6125074810993, 575.1373814902827, 577.8552749240719]
mean return 574.8153773723238
std of return 1.5581989029975714
returns for HalfCheetah-v2
returns [-263.31299640646637, -250.9685220554693, -251.54910704096488, -289.6363690458903, -255.46436148865794, -252.49014076925093, -261.7778106227678, -274.64812102065406, -253.95342603979847, -293.18469939029836, -266.52467764413717, -253.40136958228695, -254.59989254518504, -252.99327493285872, -287.57107571120434, -252.93898740864822, -253.8668455818976, -250.56795336082502, -254.66549364048007, -253.08257338970645]
mean return -261.35988488387244
std of return 13.444424132121771
returns for Reacher-v2
returns [-10.577727920852801, -15.886511505710102, -10.385127408672913, -11.300347236100617, -10.984652860975576, -10.056123428763955, -8.990107125165563, -9.274558074795808, -17.826203744552643, -11.186113559380942, -15.686335424860523, -12.0145126459795, -9.074630312929898, -8.454972590464152, -16.64822698126423, -13.250176888626775, -14.359519579366513, -11.342294203887604, -14.409393844041839, -14.754371913210585]
mean return -12.323095362480126
std of return 2.75060335700926
returns for Walker2d-v2
returns [6.601218088925727, 7.357210334070271, 7.855881457231076, 7.869251160480679, 6.0234911775450755, 8.259178529440097, 5.126393464801583, 5.365567037196229, 7.38681649424751, 6.369776152054467, 6.349116497378974, 7.7971466637213735, 6.717438259579814, 8.183418209192881, 5.846859404702327, 8.006341162795541, 6.007328915886337, 7.026055825864899, 6.1698441564277955, 7.991190804355119]
mean return 6.915476189794889
std of return 0.9601852301653885
