returns for Humanoid-v2
returns [120.3851356723018, 125.75030571829548, 118.92864717871282, 120.09111454975998, 121.23023202010246, 121.28625800098176, 118.91733630087398, 126.9835190966663, 120.31292719545736, 121.524696793193, 113.80555968064526, 113.03324059260153, 113.29867482654137, 119.41427704938417, 115.73251516689459, 121.4733474738344, 110.4855401549554, 114.43035600250249, 113.36767311492815, 121.27756483217719]
mean return 118.58644607104047
std of return 4.299102542935168
returns for Hopper-v2
returns [38.81964868613054, 39.010941398705384, 38.66028049235465, 40.28855398548461, 39.20501023714225, 38.66478764429339, 40.377288631082514, 38.93383670087246, 39.008346249846305, 40.43323387766322, 38.78467839031047, 40.54388598643544, 40.409540050147804, 38.94472335818689, 38.9803680606353, 40.58016413209108, 39.241222868736415, 38.8664521109486, 38.882684807084544, 40.433120935456124]
mean return 39.45343843018039
std of return 0.7371213599638498
returns for Ant-v2
returns [-269.8214498000962, -268.8561899064862, -268.78473338608404, -267.5007740242664, -268.91399556682927, -266.9327065637942, -268.81701815404756, -267.9700761689681, -266.3068722060897, -269.477087390727, -267.635122981315, -268.2403378252615, -268.6834444564773, -265.8210969850163, -266.8832798629114, -267.2360065081703, -269.90613315101507, -268.6875079450717, -268.72608552791024, -270.77012933528397]
mean return -268.298502387291
std of return 1.2322393404710636
returns for HalfCheetah-v2
returns [-164.42543412840243, -162.9531791775656, -163.3734072962578, -165.11968421365137, -163.82026164127143, -164.6270422105753, -165.20025726706254, -163.92058970077107, -163.93054436652588, -164.31129795863106, -165.2987231904375, -164.83732337358154, -164.06673594455782, -163.20471069110883, -162.5020266646066, -162.24180130320264, -163.72555509713015, -163.83118010232275, -164.40819323567135, -163.52413088785238]
mean return -163.96610392255928
std of return 0.8285865469298797
returns for Reacher-v2
returns [-13.352077741542018, -6.793342123464296, -11.204769048409188, -13.100649507857854, -8.750768509520853, -17.772254533407484, -13.469450989019032, -11.156016373564961, -7.0410282508725315, -7.544632039248196, -6.5584015022428375, -11.84300408304672, -13.797405828132849, -12.0053914941129, -14.124770738619652, -11.321656418049722, -11.578208780385502, -9.652900484912767, -7.404547576300921, -15.378094254933997]
mean return -11.192468513882215
std of return 3.0412697506473516
returns for Walker2d-v2
returns [34.416620867797384, 37.87327358070935, 39.09814185764169, 40.072849835673594, 31.487496981411123, 33.222673505223035, 30.41357006931686, 30.631014974782744, 37.30855618822611, 35.28305243339784, 30.37611466063342, 31.862994179796424, 28.928846533197117, 38.621366134269266, 30.98038057573719, 39.56281256801749, 35.129141657032704, 32.439016292476225, 33.06359063179432, 34.318946905876274]
mean return 34.25452302165051
std of return 3.3911585013238996
